0.0509159 -1.738759 -1.053569 0.5517574
-0.1142848 0.7195856 0.003353815 0.9643265
-1.502758 -0.5624037 0.3472231 0.6924061
-0.1916381 0.006807298 -0.236085 -0.6343525
0.4352594 -0.5764536 -1.032069 0.09811611
0.2660623 0.3972553 0.6959855 -0.9611117
-1.337557 -0.2668517 -0.4499728 0.3852507
-0.6872482 -1.192385 0.6522781 0.9739475
-1.224804 -0.5413366 0.01109465 -0.8364481
-0.8793216 -0.03247115 -0.4143995 -0.2185186
-0.9540553 -1.624692 0.1815032 -1.25594
-0.5331867 -0.05190977 -0.393128 0.5108898
0.07844935 -0.4345068 -0.2958247 -0.3188191
-0.6915592 0.1843666 -1.011089 -1.36509
-0.5565666 -1.814806 -0.9835554 0.6133851
-0.7652544 -0.3358584 -0.07550987 0.02129776
-1.294204 -0.4585632 -2.899097 -0.8380214
0.1010661 0.238403 -2.090141 -2.58181
-1.061436 -0.059745 -0.8562093 0.0666493
-0.07680788 -0.7263143 -0.9842477 -1.206427
-0.2870691 -1.206773 -0.2742385 0.02469618
0.0823827 0.6251851 0.1424056 0.643727
-1.428024 -1.113356 -0.8183547 0.1033632
-1.10287 0.1339489 0.01158239 -0.9079486
-0.4001136 0.02468831 -1.292119 -0.6463571
-0.2401521 -0.8065546 -0.1173765 -0.1326379
0.5019375 -0.2060657 -1.035869 -0.5390868
-1.494891 -1.36476 -1.366404 -0.002459677
-0.6702011 -2.142588 -0.6033262 -0.3306192
-0.09331222 -0.4308016 -1.284457 -0.5501001
0.6148011 -0.9691358 -1.205137 -0.7409935
0.4416314 -0.114985 0.05035736 -0.5459701
0.2580776 -2.117674 -1.296918 -0.6911737
-0.5994008 -0.3801794 0.3404105 -0.7200209
-0.313572 -0.2742464 0.2685561 0.1308967
-0.08806513 -0.0151644 -1.97214 -1.480471
-1.030756 -0.2221688 -0.8996492 -0.4568404
-0.6308597 -0.6872482 -0.8262214 -0.3974861
-0.08753806 -0.808891 -0.3288255 0.3000308
-0.3791331 -0.09425622 -1.775473 -0.4617335
0.4068212 0.5150513 0.2292304 -0.9345695
-2.67647 -1.842812 -0.4132195 0.3942974
1.514122 -0.9573357 -0.1221515 -0.4182227
-0.1768802 -0.02631938 -0.1169045 -0.6277681
-0.6361068 -0.6849747 -1.696806 -1.678445
1.154874 -0.5312201 -0.5280734 -0.04531747
0.139023 -0.4604197 -1.29429 -0.5395194
-0.6046479 -1.106803 -1.020348 -1.35591
-0.3781812 -0.8865354 -0.5325338 -1.789892
-1.024195 1.446469 0.5722186 0.2760845
0.001284873 0.2348001 -0.5941537 0.4060975
-0.902316 -0.8419548 -0.9421058 -0.2060657
-0.2723348 -0.4280955 -0.08675139 0.7225592
0.7817325 0.7291987 0.719145 -0.173647
0.5948354 0.5117709 0.1196945 -0.3445826
0.05130923 0.96247 -0.1237092 -1.776786
-1.222916 -0.2595907 -0.4077128 -0.285779
0.7357123 0.6247918 0.5373377 -0.1241182
-0.1068115 0.1893069 0.4627141 1.60695
0.8166135 -0.4792998 1.556603 1.63999
0.9996402 0.2908503 -0.5057162 0.4893587
0.3026504 0.8057732 2.290306 -0.1222932
0.03136714 0.1898497 0.4479247 0.7817719
1.521989 -0.2643265 -0.433673 -0.01201772
0.7067392 -0.810488 -0.5089337 -0.5241872
0.6606482 0.04649481 -0.5994008 -0.5063141
-1.037316 -0.2543121 0.297183 1.185294
1.300148 -0.5548202 -0.1650644 1.578629
-1.451624 -0.6838341 -0.4879532 -0.6020204
-0.2106519 -0.7724682 1.295428 -1.548794
-1.66773 -0.8930884 -0.379786 1.459056
-0.2086853 0.2495501 -0.02775112 -2.486096
0.0953077 0.3595817 -0.5587535 0.08500232
0.6055184 -2.682763 -1.416224 -0.05135123
-1.046489 0.6656436 -0.6884125 -0.6507625
0.6900854 -0.702604 -0.7252208 0.7707191
1.072014 -0.1339516 -0.009067707 0.1123076
-3.575634 -1.603058 -0.137885 -0.6295538
0.2161166 0.4009841 -0.3319329 -0.3266858
-1.852826 -1.694178 -1.653539 -1.3121
-2.242228 -0.6964208 -1.733512 0.05615512
0.04828842 -0.8870703 -0.3382263 -0.8026213
-2.213388 -1.130395 -1.469324 -0.5885998
-0.6665273 0.3459172 -2.00754 -1.466044
-1.699425 -2.263208 0.5779849 -0.149213
0.4390039 0.4180313 0.2685639 0.1190966
-2.062607 0.2003832 0.6549055 -0.07495134
0.1787498 0.3695173 -0.5213867 -1.491941
-0.967822 -0.2558855 -0.1750709 -0.4883072
-0.4582721 -0.3216747 -0.2899719 0.5098121
-0.5453801 0.1295829 0.3944312 -0.1798381
-0.748341 -0.8742083 -0.01726481 -1.080316
-0.2480188 0.6035517 -0.3424192 0.289867
-1.244344 -0.7082209 -1.647505 -0.3903353
-1.202037 -0.3002222 -0.301654 -0.7243161
-0.09855144 -1.466233 0.6185693 -0.05356964
-0.4711499 -0.7659074 0.9272665 -0.501185
-0.9835554 -0.05659832 -0.9025284 -0.2186996
0.4354246 0.5342461 0.762939 1.575483
1.270255 -1.639111 0.7935326 -0.5505328
0.05189923 -0.3931988 0.7541991 1.898018
1.613243 -0.6871224 0.5189847 0.6167914
-1.040196 2.167059 1.406616 0.2050325
0.08015643 -0.2854486 -0.07298466 -0.2295399
0.7372857 0.1184358 -0.2647119 -0.02574512
-0.3591359 0.3901674 -0.1478521 0.3120668
-0.01693441 0.1206463 0.1792847 -0.2433696
-0.1939981 -0.6387815 -0.4085703 -0.1461765
0.5027793 0.626019 0.004502354 0.6863488
-0.1945016 -0.8563745 0.4730982 1.085387
-0.09874811 0.8402057 -0.810488 -2.00721
-0.2175353 0.1757998 -0.6688873 0.3768176
-2.311061 1.103481 0.3311986 -0.1093682
0.8344945 1.190282 1.23561 0.3897426
0.3464758 0.6077683 1.59751 1.342801
1.584923 0.5163651 0.1846498 0.4570423
-0.5143617 0.1883 0.7311024 0.06763264
0.759572 0.04698255 0.8957446 0.7454356
1.680385 0.7805525 0.5701182 0.855003
-0.973722 1.856584 -0.5541043 0.07199079
0.3609977 0.3248423 0.6240602 0.3790675
0.06889918 0.598635 -0.1235597 0.04403253
-0.3171356 1.023437 0.1521997 1.325322
0.9141055 1.264355 -0.3122661 1.191588
0.6704816 -0.9874888 0.02338244 1.299755
-0.8419548 0.06271595 -0.4643531 -0.295219
0.1584222 -0.7475544 0.06763264 1.212238
1.180574 0.09567743 0.1040791 0.5619683
-0.158535 1.363868 0.3683924 0.1264913
1.339088 0.5383682 1.092955 1.918471
1.781063 1.705551 1.431522 1.90221
2.217933 1.46955 0.8112327 0.7628524
1.520416 0.4346143 0.4139091 0.9196279
0.0587826 0.4959431 -0.1093682 0.4944012
2.5069 2.298173 2.55908 0.7549857
1.172519 1.301722 1.329255 2.125098
1.569189 2.397821 2.683634 1.544276
2.593174 1.440962 1.974915 1.744814
0.7691458 1.212041 1.427392 1.759564
0.05012923 1.254521 -0.7646644 1.405562
1.132587 0.9054364 1.397302 1.456302
0.9561766 1.367605 1.271631 1.178324
1.362885 1.04271 0.9986568 1.743437
1.948954 -1.732198 0.8403394 0.3435572
2.38772 1.02678 0.3242838 0.114526
1.568599 1.454926 1.787884 1.332008
1.166611 0.9123198 0.7443657 1.264551
2.615988 2.792202 1.935251 1.701877
1.224101 1.791557 1.659656 0.5543848
1.848717 2.692814 0.3813174
