1.671629
-0.2527028
0.3418151
NA
0.9983176
NA
0.6174108
0.6472182
NA
-1.050823
1.685768
0.8910194
NA
0.3160228
0.7976149
1.001363
2.339713
1.81367
0.9500232
1.842362
0.6658681
-0.4379562
NA
-0.4015277
-1.127239
-0.4852407
0.8585733
2.593963
0.9675493
-0.5190468
0.9857757
3.278921
-1.305113
0.434112
NA
0.3451053
-1.401018
1.49505
0.5656063
0.121249
0.7482862
0.2822167
1.142191
NA
-0.280189
0.4096798
NA
0.5356442
0.686041
-0.4564351
0.5807136
0.1392311
0.02538502
0.3092388
-0.3655227
-1.09226
0.4494066
NA
-0.6702009
0.2574669
0.1422852
1.122971
1.08326
0.5022535
NA
1.239146
-0.879797
0.7027771
0.5606873
0.3811836
0.5258714
0.1607559
0.334575
0.8733304
-0.9345741
NA
NA
1.047272
-0.1354036
-0.4085886
1.309707
-1.575635
-0.3210235
0.938141
NA
NA
NA
1.492851
-0.7229583
-0.6055288
NA
0.8987807
-0.05990794
NA
0.9078287
-0.01652442
NA
NA
0.5299678
NA
NA
1.255768
NA
0.5123929
0.6205219
NA
0.1037392
0.8526282
-0.7609667
0.2681112
NA
0.7907576
-1.081135
-0.5719507
0.004397722
-0.07556901
NA
-0.4703615
-1.063039
1.319105
1.809281
0.1074855
-0.1289942
1.100119
1.01415
0.7035508
2.398538
-0.4303414
0.3675993
-0.6770094
-0.5614774
NA
0.6006177
1.617993
1.738525
1.200112
1.259384
0.6408821
0.2997347
NA
NA
1.671475
-0.7254748
-0.8535405
-0.7810907
NA
-0.1354606
0.6380561
0.5843133
0.03753599
NA
1.077112
1.725315
0.06533173
-0.4349266
1.400546
0.8671165
-0.4387787
-0.4508482
0.1759854
NA
0.3259423
0.9263809
NA
-0.1438816
NA
0.3232629
0.6237225
0.9551866
-0.9970392
-0.4822844
-0.6308731
-0.1533124
NA
-0.2666291
0.04524029
1.053054
0.1565373
-0.7676041
-0.8810593
0.8223159
NA
1.244627
0.6420385
0.6157657
-0.3243055
1.499512
0.8868577
0.782361
0.9656517
0.3742367
0.5140054
NA
0.732446
0.5047456
-0.3474429
-0.4289651
1.448962
0.6092912
NA
0.2495345
NA
0.2228871
0.8061092
NA
1.270819
NA
0.1594122
0.3645453
NA
-0.1524898
0.8616355
1.026415
1.094442
NA
0.5169129
-0.5394314
0.6100893
0.3330195
0.08302068
NA
1.076411
0.07968975
0.9583302
NA
0.2524094
0.5613144
1.075703
0.4754025
-1.43664
2.526905
-0.4672097
0.759126
NA
NA
1.404015
1.11578
NA
1.836254
1.331622
1.467962
0.06949336
0.1058078
1.219136
0.8245799
NA
-1.156354
-0.6659416
-0.4484213
0.5522093
-1.064928
-0.1546155
1.439002
0.8122335
1.112775
0.1372928
0.8522535
0.4639763
NA
-1.091079
0.2273175
0.3310487
0.5681717
0.5566641
0.2604802
-0.5750129
0.5231512
1.147631
-0.1518057
-0.3719484
0.4069678
-0.4547493
-0.7698519
1.195551
0.2400141
-0.001987237
NA
2.279813
-0.9041722
-0.1259401
NA
0.9392405
0.9182613
NA
1.235628
0.3014531
1.515288
-0.7560069
0.5617053
0.1429855
NA
1.008522
0.8461699
0.08446218
0.1308834
0.06292923
0.1271616
NA
-0.2784869
-0.3972602
0.4116751
-0.8003922
-1.255777
1.34528
-1.474014
0.2213968
0.529129
0.2569864
1.156223
1.460698
1.624508
0.9392486
0.1051807
-0.06240003
-0.1515859
-0.2582977
-0.2937978
0.09478073
-1.681248
-0.217952
-1.042679
0.3614994
-0.5677321
0.8694375
NA
NA
0.2115098
0.7714154
-1.657557
-0.726167
-0.3952242
-0.4306916
NA
0.7888356
-1.233323
NA
-0.6706407
0.3426295
0.6585221
0.8127547
1.421362
0.934069
NA
0.8937965
-1.102277
0.8811487
1.633808
0.9668733
NA
-0.3812652
0.9022093
-0.7664965
-0.5724801
NA
0.3608234
-0.1118753
-0.1515777
0.3981477
0.1094238
1.199208
1.707757
1.153511
0.7960757
0.1956696
0.427328
1.16681
2.23441
1.088171
1.505979
0.3675178
0.293309
0.4184998
-0.9876409
NA
NA
-0.9486796
-0.8604548
-0.09864119
0.02996199
-0.7226814
-0.4715749
-0.05317278
0.03905079
NA
-0.03892064
0.5493589
1.265867
0.08731261
0.5995183
0.7458511
0.5788079
0.6156598
-0.1709769
-0.08289053
0.04472721
NA
0.6546618
-1.227085
1.132842
0.2087897
-0.07231137
0.0567723
0.7123708
1.565691
1.48184
0.3937336
0.8491343
0.7120939
-1.277994
-0.6108224
-1.530232
-0.3362692
-0.3323763
-0.6666908
-0.01355183
NA
-0.03804923
-0.8542327
-1.678984
-1.016056
NA
0.1832987
-1.013735
-0.9516359
-0.01762387
-0.9697076
NA
-0.8434418
-1.041359
-0.8572379
-1.04377
-0.3805811
-0.8926565
-0.9589656
-0.8796097
-0.1051402
-0.7043979
0.5673329
0.04300881
-1.646904
NA
NA
-0.1627025
-1.381937
-0.5518348
NA
NA
1.174547
0.125093
-0.8801797
-0.2676227
-0.189521
0.3815175
NA
-0.2008168
0.354414
-0.3174482
-0.3191585
1.479731
NA
2.082612
0.1336687
0.1528643
-0.8488658
-0.5491962
-0.174202
-0.3840016
0.0470157
0.2969087
-0.3342576
-0.1249547
-0.2464807
-1.202294
-0.2650736
0.1818084
NA
-0.491756
NA
-1.702349
-0.5553938
-0.6238692
-0.3583071
NA
-0.4499931
-0.9317155
0.2621905
-0.2638764
0.3948738
-0.2186931
-0.05024092
0.07964903
NA
0.4145581
NA
-0.7319575
0.07713251
0.07669273
NA
NA
1.088538
0.0567723
0.5774152
-1.008359
0.2297363
0.7185847
0.4405458
0.2043349
NA
-1.468394
0.5595227
0.1676214
0.7003338
0.01132833
-1.892253
-0.0860993
0.09105888
-0.3560837
-0.1406565
-2.025922
-1.063145
-1.397598
-1.357154
-0.8174215
NA
-1.101902
-2.064191
-2.157302
-1.847835
-1.424563
-2.076977
-0.1036417
-0.4666315
NA
0.04028054
-0.2776481
NA
-0.7062955
-0.6929962
-0.6286335
NA
-0.5933045
-1.482353
-1.702479
-0.5626583
NA
-0.503573
-0.8805055
-1.221897
NA
NA
-1.219259
NA
-2.045142
NA
-2.311298
-1.569446
-2.050321
NA
-2.006636
-1.177056
NA
NA
-2.418662
-1.842273
-2.001457
-1.509115
NA
-1.840798
-1.785639
NA
-2.015522
-1.694751
-1.740846
-0.06131686
-1.645715
-1.702716
-1.452472
-2.322773
NA
-1.743444
-1.602975
-1.669406
-2.148791
NA
-2.268729
-1.922239
-2.005903
-2.132503
-0.8414709
-0.8955721
NA
-1.025104
-1.148877
NA
-1.248504
-1.052126
-1.209974
-0.9023968
0.2222763
