-1.72747 0.4095224
-0.6486263 0.09394919
-0.2824806 0.6264759
-0.3135924 -0.4240405
-1.789263 -1.617623
-0.2691967 -0.1898984
-0.2076377 -0.6536513
-0.6338235 0.1429332
-0.1947082 -0.3596146
-0.8514099 0.3230917
-0.4888968 -0.8624597
0.2210417 -1.953575
-0.2362053 -0.2743862
8.855924e-05 0.06926735
1.310916 0.4179079
0.3983523 -0.2730256
-2.873682 -0.3815434
-0.3621967 -1.059421
-1.406435 -1.413732
-0.3605259 -0.3822269
1.422301 1.061629
-0.05952127 -0.03517484
-0.6089202 -0.6993633
-0.7633779 -0.1226309
-0.4096681 0.06876105
0.4393811 -0.4834035
-0.3473432 -0.9063491
0.1059167 -0.2834869
-0.134206 0.23106
-0.1226625 -2.379096
0.1993533 1.04327
0.9219429 -0.09930334
-0.2814111 -0.9564849
-0.2819807 0.5612082
-0.1261939 -0.4552725
1.251034 -0.2761899
-0.2542864 -0.674903
-0.4629492 -0.3051879
0.3244776 -0.613211
0.1759499 -0.7041985
0.2438946 -0.4044722
-0.8237978 -0.6013195
-1.152889 -0.0823678
-0.2714497 -0.1947841
-2.824635 -0.3233196
-2.283533 -0.8534983
-2.278786 0.1257951
-0.1227764 -0.5965223
-0.3978334 0.3504126
-0.1884871 -0.7213302
0.1344717 -0.07896297
-0.07260897 -0.5399819
-0.07165967 0.4112691
-0.9048998 0.2243326
0.01742281 -0.5164645
0.9387772 -0.2695764
-0.6417281 0.2898598
-2.239232 1.186735
-0.4435898 -0.3129405
-0.1513314 0.3107697
-0.03012455 0.8530173
-2.261383 -0.6767763
0.4395014 -0.7164381
0.6391712 -0.5816309
-0.7055022 -0.5809348
-2.630028 -1.096906
-1.316954 0.28636
0.01332183 -0.5954781
-0.7298423 -0.5049337
-0.4674426 -1.608738
0.07536186 -0.1376615
-2.721003 -2.186229
-2.249516 -0.3760058
-2.28116 -0.7849904
-2.175945 -2.2598
-2.067567 0.2734685
-0.3121495 -0.5974653
-0.7343673 -1.128549
0.01736585 -0.9264806
-2.34682 -2.017728
0.1751145 -1.981338
0.6447468 -0.9798251
-2.121019 -2.527187
-0.5789286 -0.3980486
2.111734 -2.333371
-2.072313 -0.76646
-0.2516536 0.4238759
-0.9091527 -1.068876
0.002702304 -0.5449562
-2.774005 -2.949626
-0.6538981 -1.391639
-0.3941375 -0.6595876
0.152173 -0.7054325
0.3381223 -0.03226365
-0.418889 0.6671123
-0.59563 -0.5678281
-0.9160826 -0.6745739
-0.3416854 -1.09226
-1.677606 2.143378
0.01707473 0.2300221
-0.1529959 1.650583
-1.944157 -0.3215602
-1.398499 -2.123417
-0.6054837 -1.666487
-0.8098557 -0.6701755
1.646735 0.5139077
0.3608359 0.6404116
0.3990295 -0.9291956
0.9225251 0.2985174
0.3107381 -0.3531593
-0.3566907 0.7959705
-0.08191213 0.4067884
-0.4081998 0.3852203
-0.1766082 -0.6800672
-0.3425778 -0.1072585
-0.4893525 -0.6741815
-0.2553496 -0.4053393
1.292917 2.201387
0.4819542 -0.1892275
2.154978 1.831165
2.322688 0.50032
0.4818845 0.3642977
1.390265 0.5598159
1.13832 0.577821
0.6315451 -0.2115678
-0.459576 0.5145595
2.439775 -0.3479571
-0.5610754 -0.5999841
0.6658529 -0.7187861
-0.4646959 -1.0452
1.084622 -0.0235807
0.6325134 0.04521204
0.2681144 -1.26778
0.3420904 1.729906
2.451376 -2.090508
-0.8202474 -0.06924845
-1.551305 -1.104418
-1.731039 -1.794326
-1.19581 -0.8811546
-0.8868568 -0.2623807
-0.09756928 -0.7804717
-0.2911636 -0.324541
-0.1745893 -0.8867619
0.01636592 0.3004413
-0.3997953 -0.2250225
-1.767746 -0.282835
-2.036082 0.6605938
0.7316585 -0.5341785
-1.265248 -0.9044822
-0.4033014 -1.199057
-0.6689983 -0.4864919
-1.047928 -1.475361
-0.9100577 -1.4222
-0.3628928 -0.1772347
0.4795493 -0.2160864
0.5911808 -0.9741293
-0.2031759 -0.4162879
0.7574795 -0.6117238
0.9552128 0.2594631
0.3809041 -0.7185329
-0.1855126 0.822108
0.1772662 -0.8083179
-0.4112945 -0.2033531
0.8295695 0.774434
-0.2708042 0.5869469
-0.5736884 -0.4849983
0.1884237 0.2376355
0.5764856 0.7462841
0.05425572 0.3314518
-0.15685 -0.8750981
-0.419737 -0.6339375
-0.3209084 0.05443292
0.6026167 0.6804595
0.642633 0.07469102
-0.3762084 -1.505738
-0.6019207 -0.1021892
0.1338389 -0.5286789
-0.9454667 -0.8903186
-1.048536 -0.9178926
-2.191767 -0.7609983
0.3831002 -0.9698447
-1.087166 -0.4805872
-0.01922024 0.5991803
0.1104164 -0.7045275
-1.077344 -0.3077384
-0.6237863 2.302861
0.4544117 0.4668033
0.3890175 -0.966269
-1.132612 -0.5151165
-0.9210633 -1.339205
-0.8907742 -1.262489
0.416003 -1.60501
-1.200873 -0.4948394
1.871245 -0.3862899
-1.919634 0.04371847
0.2511029 -0.5689103
0.2843285 0.03283314
0.2432364 2.036847
0.04138952 -1.92976
2.299487 -0.8134758
2.233087 -0.8668139
2.353275 2.122278
1.91871 -1.03953
0.378379 0.7071096
0.5551643 0.01949862
-0.7556063 0.02449194
0.9193988 0.1803357
1.832323 -0.2931634
1.57705 0.5635118
-0.0120625 0.1950055
0.5014022 1.903837
0.2281615 0.002436499
1.463045 0.331186
0.1967839 0.2998844
0.3234524 0.2737786
0.4575761 1.309505
0.4364826 0.2400278
0.4319766 1.712521
0.3079471 0.1924614
1.080736 0.168982
1.18983 0.2061946
0.8099253 1.061712
0.4856248 1.907793
1.409251 -0.3829294
-1.403176 -0.3817649
0.1526793 2.097628
1.58603 0.7295257
1.26228 1.234371
1.459305 0.740101
2.70663 0.1697541
-0.03632666 1.838544
1.616199 0.6863768
1.433091 1.461146
1.188804 1.003899
1.497644 0.8158869
1.076515 1.072141
0.6699096 1.048308
1.391955 1.207632
0.87606 1.583739
-0.8799205 0.7247982
0.6685996 1.062807
1.431598 0.9858056
0.7339052 2.429909
1.247712 1.976301
0.9137156 0.9019
1.27271 1.670841
-0.2223392 0.07548211
0.587295 -0.301511
1.297316 0.4544687
-0.256071 -0.3922642
-0.322345 -1.614592
-2.05127 -0.6235205
-0.09275316 0.1312568
1.448489 0.1931259
0.3697657 1.031277
0.6725993 0.85022
1.382512 0.5232361
0.9101272 1.188323
1.258629 1.545223
0.7358797 1.014316
0.9135068 1.183381
1.107886 -0.1453445
0.2086122 0.3868721
0.6181663 0.7566062
0.1763612 0.4194901
1.273817 0.3317936
0.7705799 1.89992
1.449033 1.975984
0.8895464 0.6743713
1.088596 1.626053
0.5333747 1.06811
0.5776375 -0.08958882
0.3687911 0.8839708
0.1298012 0.3781259
0.5536771 0.8365057
0.6877818 0.4156486
0.1063344 0.5153253
0.121365 0.3008274
0.270089 0.9559595
1.475702 0.3080611
0.8531185 0.5050412
0.6355702 1.047953
0.2028468 -0.03922519
-0.09448722 0.3159719
0.4820997 0.3096432
0.391125 0.5137431
0.5521645 0.3493177
0.4306792 0.4243505
0.9862486 0.2463564
0.8285949 0.5192807
0.7265449 0.5358935
0.130858 0.609015
0.2297437 0.6403167
-0.06058448 0.4979214
0.654784 0.1349274
0.9965327 1.052434
0.563765 0.9528332
1.419042 0.0827854
0.4519626 0.5279067
-0.5428108
