-1.890285
0.3093855
-0.7995592
NA
1.618682
NA
0.0543257
-0.7080833
NA
-1.987209
-0.2126437
-0.3819459
NA
-0.4303783
-0.6979052
-0.158493
-0.3730095
-0.5233577
-0.7676989
-0.2206848
-0.7183965
-0.9282505
NA
-1.528385
0.6009344
0.3088365
0.06547512
-0.9879168
0.8031274
0.569944
0.9539401
-1.408833
-2.228349
0.1356827
NA
0.2334512
-1.764111
-1.233474
-0.8247468
-0.6295053
1.167984
1.187596
0.4015372
NA
-1.458388
-0.614538
NA
-0.4988628
-0.6977194
0.4988327
0.6325159
-0.5166005
-0.3367232
-0.5979659
1.686009
1.563239
0.2209081
NA
0.8378933
-1.313108
3.05797
1.207792
0.2165582
-0.6407645
NA
-0.9555328
-0.6099346
-0.731987
-0.4051063
-0.5903218
1.413009
0.5789396
-0.9465288
0.3580967
-0.2028795
NA
NA
-0.6509003
1.155179
-0.7120616
1.398777
-0.1747864
-0.2850474
0.6211469
NA
NA
NA
0.02059871
-1.316521
0.9570484
NA
-0.996963
-1.583397
NA
0.1843347
-0.3924365
NA
NA
-0.6989357
NA
NA
0.5583976
NA
0.5294429
0.4630701
NA
-0.1410847
-0.2271295
0.4854788
-0.05165289
NA
-0.1441086
-1.548403
0.4801997
-2.160574
0.9659173
NA
0.6334366
0.6173797
-0.3147285
-0.5453356
0.6971657
-2.025429
-0.01958142
-0.348996
-1.007623
0.1836167
-1.127285
-1.006617
0.06209651
-0.9390452
NA
-0.6892729
-0.4769018
-0.5546099
-0.123347
-1.566504
0.6090853
0.6211469
NA
NA
-0.2556028
-2.109903
-2.160582
-1.199477
NA
-1.019084
-0.1100775
-1.208937
-1.272286
NA
0.1481413
-0.9093641
-0.9285124
-0.1603597
-0.193335
-0.8729511
-0.6064124
-1.360687
-1.21175
NA
-1.273697
-1.44544
NA
-0.3568429
NA
-0.6482481
-0.3533376
0.3439487
-1.050261
-1.261618
-0.5854988
-0.2421897
NA
-1.758891
-1.538149
-0.3192305
-0.06704247
-2.260327
-2.300642
0.06126875
NA
0.4471484
0.5654336
0.2024356
-1.010435
-0.6477075
-0.1090302
-1.21175
-1.558057
-0.38399
-1.652844
NA
-1.488678
-1.162008
-1.697898
-3.350597
0.2218626
0.06689414
NA
0.5758988
NA
-1.535539
0.5958073
NA
-1.08294
NA
-0.6866545
-0.7401548
NA
1.754857
0.1652709
0.9103391
0.8081784
NA
-0.968211
0.5479324
0.2319984
0.3660364
0.1783038
NA
0.8728112
0.1624582
-0.6646006
NA
-0.136625
0.4533651
0.9277559
0.2511889
0.2091675
-1.400395
0.08056907
0.2318379
NA
NA
-0.05764993
0.268403
NA
-0.06302192
0.2471937
0.6970896
0.2636222
-0.1538221
0.1033747
0.6879505
NA
1.457117
0.5500525
1.068813
-0.4297449
-0.6995945
0.3252819
0.01683156
0.01343606
0.1625004
0.2579462
0.7868593
-1.45294
NA
-1.557568
0.1292295
0.2723559
-1.497986
-1.495182
-1.118838
-1.145588
0.7941825
-0.3171864
-0.03230189
-0.4895716
-0.7556373
-0.03768233
-0.5423624
-1.561681
-0.6204928
-0.6416091
NA
-1.245536
-0.2876996
0.5939068
NA
-0.7978699
-1.721354
NA
-0.5557333
-2.115528
-2.152136
-0.3565303
-0.5727277
-0.5032719
NA
-0.6108469
-0.8401025
0.9711541
0.9363038
-0.2560842
-0.6500557
NA
-0.8017046
-1.158824
-0.6265236
-1.265343
-1.261162
0.1945972
-0.8350346
-0.7049581
-0.5341608
-0.7532722
0.2016416
-1.284956
-0.8288349
-0.4452273
-0.4575931
-0.8449255
0.4775559
-1.199925
1.225606
0.08440379
0.8645083
0.1767328
0.0811012
0.6480238
0.1502529
-0.3029033
NA
NA
1.160187
1.192436
-0.6632491
0.5831037
-0.8882478
0.5056575
NA
-0.5649907
0.2146577
NA
0.4242414
0.664959
-0.05215968
-0.4883807
0.03109775
0.2929401
NA
0.1939975
0.4881141
0.3906073
0.2511889
-0.9414609
NA
-0.9879168
-1.386314
1.596265
0.7475408
NA
-0.1772528
-0.2854444
-0.727485
-0.8300512
-1.451065
-0.7399521
-0.2083022
-1.239505
-0.188512
-0.9281829
-0.1255262
-0.01065344
0.5535747
-1.181342
-2.518149
-0.3369344
-0.3055555
1.240024
-0.1900999
NA
NA
-1.04564
-1.059712
-0.9245678
-0.4943946
-1.715729
-0.8527723
-1.132243
-0.3379564
NA
-0.9583539
-2.209378
0.3420314
-0.8163678
-1.342671
-0.838692
-0.4296013
-0.6912832
0.3277905
0.3177814
-0.06516734
NA
0.4996774
-2.75852
0.4737212
-0.4093296
0.9859525
-0.3630764
0.2924925
0.09515622
0.5428307
-0.5923405
0.4321051
0.3723122
-0.4119311
0.9534925
1.849061
0.3383994
-0.1338798
0.2710552
1.944988
NA
1.173643
-0.4893858
-0.5403606
-0.2889666
NA
0.6236893
0.1965484
0.1424061
1.035931
0.03698498
NA
0.0241547
-0.03703195
0.2586472
0.02382529
0.6673241
-0.2416998
-0.2664481
-0.03741204
0.3901766
-0.02109335
-1.340331
1.289267
1.692327
NA
NA
1.651623
-0.4131052
0.6847999
NA
NA
-1.261584
-0.9981709
-0.7210065
0.3263208
1.173938
1.598714
NA
1.446854
1.140608
1.705774
1.165475
0.6879505
NA
-0.3614631
1.070688
0.7807863
1.78806
-0.01515544
0.3830477
1.411953
1.432411
1.389781
0.5600109
0.6808385
0.9859863
1.207243
0.9011747
0.1677795
NA
0.7765039
NA
-1.13432
-0.0451913
0.558972
-0.100212
NA
0.4674708
0.2628705
2.073798
0.6283856
1.409242
0.1458776
2.007585
1.589144
NA
-1.067449
NA
-0.08742394
0.6887191
1.222261
NA
NA
-0.2488455
-0.6627254
-1.414466
-1.391239
-1.460922
-0.4459368
-1.924079
1.087184
NA
1.120337
0.1033071
1.259671
1.72776
1.270457
0.1078767
0.3454184
1.306346
0.3033716
0.7390435
0.5149825
1.273996
1.345437
2.001099
0.7309518
NA
1.262146
0.6239596
0.1582771
-0.0550484
2.110903
-0.4407929
0.8378257
1.082589
NA
0.9748706
1.09509
NA
1.922968
1.889182
1.984205
NA
0.7788351
2.484662
1.907131
1.93775
NA
1.838503
0.5126343
0.8777102
NA
NA
0.934606
NA
-0.007697157
NA
0.5844552
0.9035397
0.6539025
NA
-0.06654412
0.7700845
NA
NA
0.5096527
0.1880258
0.3933018
0.9078474
NA
0.8401232
0.4813568
NA
-0.1884022
0.7292625
0.6844959
1.221906
0.299123
0.08415884
0.7816309
0.194386
NA
-0.05056329
0.3789427
0.7045564
-0.1094778
NA
0.1116101
0.3150194
0.1431916
0.4266656
0.7316528
1.081246
NA
1.920975
2.365592
NA
1.574549
2.138355
2.02257
1.719077
-0.3043477
